 max_ssh2=   21.759017523771426     
 min_ssh2=  -2.9051401416532961E-033
 sum_ssh2=   67.963489249955217     
 max_u2=     8.0618808121425287E-002
 min_u2=   -0.10528573690547549     
 sum_u2=    0.42369623426684866     
 max_v2=     9.4927904968487228E-002
 min_v2=    -8.6424288104528429E-002
 sum_v2=   -0.68507958125077717     
