 max_ssh2=   4.4820019308518720E-005
 min_ssh2=  -8.0550472102453831E-008
 sum_ssh2=   1.8247138359027568E-002
 max_u2=     4.1637770811991974E-004
 min_u2=    -8.9311068755498667E-007
 sum_u2=    0.47202311983080114     
 max_v2=     2.0841046327677886E-005
 min_v2=    -2.0219118670809342E-005
 sum_v2=    -1.1019013392081899E-004
